87011
87432
94511
87209
88053
94290
124462
96803
96610
103935
105484
109201
109429
111665
118205
124338
124337
126262
125265
126051
126915
700244
701276
130012
132961
135680
135185
135583
138509
137853
138074
138592
141807
142594
145249
145264
157127
111209
124122
148924
154771
152035
160036
160161
159978
159966
152026
154342
160180
157452
158101
157159
148977
147831
157417
157374
147837
153835
159653
158057
157418
157375
155377
157904
147838
157376
153832
159664
157455
157854
157154
158194
157221
158229
157233
158176
157214
158179
109345
163298
34477
34476
34821
108811
58435
58332
79638
79127
97833
97737
99439
700099
700059
90510
90440
60016
59912
82828
82771
125313
7286
125073
125060
125063
125824
125821
125818
125817
125826
125819
125820
125823
125816
125822
125825
132860
138175
132857
132862
132865
132859
132858
134420
134428
134421
135177
133617
701277
138554
138600
151611
151601
151606
151598
151599
151588
151592
141422
141433
141427
141423
141420
146326
146327
146329
146335
146337
146338
146339
146341
146342
146345
147003
149393
148476
140657
139493
139491
139489
139488
139484
153374
153214
153377
153373
153383
153372
153375
153381
138453
138454
138455
138456
138457
138458
138459
138460
138461
138462
138463
138503
154999
154991
157442
157440
157437
157436
157435
157432
157431
157429
157428
157427
157426
160926
160927
160928
160931
160934
160936
160937
160938
160946
147171
73756
99523
99281
70397
70398
26920
18405
150361
150359
151471
151472
151473
151474
151475
151476
151477
151478
151479
151488
149395
149385
149400
150360
150364
150372
151605
151602
151594
152425
152436
152430
152434
152422
152433
152421
152431
152435
154983
154984
154986
154987
154989
154990
154993
154994
154995
154996
154997
156063
156064
156065
156066
156068
156069
156070
156071
156072
156073
160941
160930
160929
73412
10203
10205
10245
90317
70658
71049
42263
65821
35291
30218
78479
69551
10249
76474
11213
12218
15901
10882
41028
103189
103190
103191
69552
86576
111680
111219
159977
159976
159917
55786
12085
131214
126125
126245
132913
98625
98629
124064
124058
124063
700711
700682
700698
125294
98539
98541
98540
98946
98947
98948
133845
134862
701269
134620
134668
134673
134821
134846
134906
135686
135773
136014
136078
136310
136662
138020
138021
138023
138160
143082
138097
138098
138574
138591
112548
112549
112557
112558
112559
112560
112561
138983
138987
138851
139021
139221
139320
139323
139460
141038
141616
112709
112710
112711
112712
147019
147163
147164
148309
154147
154149
154151
154150
113017
113019
113020
113018
111068
111069
161181
161159
160891
160894
107086
159134
153867
106045
118259
146924
158126
153903
106041
100891
118527
100886
109105
155059
158943
100935
146097
102743
109371
118992
125250
107055
155814
109645
150536
150550
150512
150533
150557
150665
151618
132008
139362
125283
123413
130949
148700
148389
148509
148386
151873
151877
151998
152481
158758
158757
152055
151878
150687
150396
150413
150472
152480
153625
154054
155648
155829
156748
157899
159749
161232
162470
163096
134293
136166
137615
137617
138283
139363
140449
143840
143708
143857
143860
145120
146359
146470
149491
155959
157939
159938
162242
163241
164466
164448
165196
164373
158752
152188
151206
151730
151756
151847
151851
151870
151880
151884
151935
151997
152017
152108
152116
152142
152159
152160
152167
152545
159460
159394
159366
159357
159353
159352
159341
159339
159337
158755
158753
158751
159164
159178
159158
159156
151986
151205
150927
150696
150401
150470
150407
150901
163068
135910
127878
131981
135685
141057
148329
148331
148390
148851
148853
151842
151858
151859
151867
151886
151888
151889
130547
148369
148370
148460
148876
148877
151856
151857
151862
151871
155360
155366
155367
155368
127978
148371
151917
155566
159186
159184
158475
158463
158794
110071
127985
129841
147839
147840
147862
147864
147865
148343
148380
148452
148453
148458
148459
151926
151943
151944
151954
152018
152382
152389
152464
152465
152978
127982
151948
152094
152195
156793
153873
153371
152977
142709
144404
146076
147835
150379
153102
154046
158266
152964
152935
152934
152925
152613
151846
155219
156912
161047
158822
158809
158807
158805
127919
129020
131571
139235
134087
128651
129538
130128
131033
134902
135316
141619
144549
147885
150770
153767
155547
158438
161374
163735
151979
148425
106353
110245
111703
117829
118990
119662
122954
126006
143049
152970
151879
159302
100404
150607
100405
100407
138994
139170
157273
157315
155076
157373
163721
155642
165191
155461
155191
155213
155356
155357
155363
157303
157304
155381
155468
100631
104775
100397
100396
157274
157277
157265
156134
157415
157268
157270
157269
156044
157285
157451
157360
100429
156241
157294
104789
100428
108877
117660
133835
91036
135041
91032
91020
135354
100634
148873
148872
148868
148867
148642
148142
146094
146093
145570
145536
146799
145530
145525
145520
145519
145505
145500
145499
145498
145497
145496
145495
145494
145493
145492
145484
145481
145479
145462
145461
144973
149752
144423
153886
149679
144332
143864
143807
143655
143732
143724
143641
157138
157156
150384
157164
157123
157122
150242
157095
157071
157091
157134
157106
157136
157414
151426
157111
157135
157133
157132
150161
150293
150950
157075
150266
157074
157108
150257
150270
152006
154948
154231
153764
153763
153524
153532
152863
152862
153107
152995
152999
152806
152963
153621
152914
152942
153577
153597
153783
152804
153765
153566
153552
153553
152253
152474
152258
151650
152251
151745
151814
151765
151758
152272
151727
151823
151655
151818
151723
151656
148489
148892
151843
151850
151863
151864
151872
151887
155361
155364
151929
152003
155654
33850
159324
155539
158083
159315
160683
152909
155543
149571
149895
149347
149340
149807
149796
151363
151142
151359
150579
155942
152976
150774
156460
76572
81816
112064
112036
112762
103663
102918
101361
144365
143599
97610
97576
159667
125880
122236
701235
130390
130421
130442
130445
130446
130473
130474
130497
130580
130621
130738
130739
130888
131270
131271
133446
134199
138155
145659
145689
146825
146826
146827
148255
164148
81777
148312
149786
150163
149902
150833
150835
150496
150349
150346
150785
150786
150276
150093
150102
150082
150223
151752
150154
101025
11356
153589
152841
152798
152782
152800
152808
154259
154258
162720
162673
162420
160477
162418
155790
159374
159542
160726
160537
162780
163074
162977
159923
26925
10498
34460
124029
111351
118039
129557
10483
148367
166101
125630
138878
140791
145535
154344
156852
155950
157295
154345
154381
152021
152020
163304
124197
130010
130011
103963
103964
159974
161241
152716
152247
156813
152994
152712
156807
152497
151987
152067
152066
151928
151925
151984
151982
160051
151927
151909
152902
151914
151913
151912
151911
151910
151908
154840
160022
151905
163455
154657
159948
153952
153885
153884
161948
113015
113014
113075
155998
155999
156002
156014
156016
156017
156035
156056
156057
156112
156115
156132
156139
156145
156146
156150
156153
156157
156158
156162
156164
156165
156166
156174
156175
156180
156182
156197
156218
156232
156256
156257
156258
156264
156279
156375
156103
156167
156169
156170
156172
156177
156181
156201
156206
156240
156261
156276
156340
156860
156183
156184
156189
156190
156219
156263
156270
156396
156255
156327
156032
158900